3.868103 -11.005035 0.000000 0.000000 -0.000089 -0.000144 0.000169
9.929871 -68.696014 0.000000 0.115000 0.000075 0.109724 0.005277
-30.128571 -56.543686 0.081317 0.081317 0.077731 0.077713 0.005084
-50.236267 -17.650970 0.115000 0.000000 0.109694 0.000027 0.005306
-38.834991 25.109344 0.081317 -0.081317 0.077685 -0.077646 0.005165
-2.388794 46.712921 0.000000 -0.115000 0.000062 -0.109822 0.005179
37.771515 34.535767 -0.081317 -0.081317 -0.077730 -0.077766 0.005048
57.946655 -4.487000 -0.115000 -0.000000 -0.109776 0.000093 0.005224
46.467987 -47.194687 -0.081317 0.081317 -0.077686 0.077676 0.005142
16.659607 -131.667343 0.000000 0.230000 -0.000051 0.229998 0.000051
-27.734344 -127.787750 0.088017 0.212492 0.088084 0.212552 0.000089
-67.405914 -106.071594 0.162635 0.162635 0.162968 0.162616 0.000334
-96.152374 -69.938126 0.212492 0.088017 0.212864 0.088072 0.000376
-109.686371 -24.766205 0.230000 0.000000 0.230304 0.000063 0.000311
-106.009094 22.640411 0.212492 -0.088017 0.212742 -0.088127 0.000273
-85.700867 65.002014 0.162635 -0.162635 0.162931 -0.162955 0.000437
-51.696167 95.798798 0.088017 -0.212492 0.088189 -0.212890 0.000433
-9.119690 110.191681 0.000000 -0.230000 -0.000153 -0.230083 0.000174
35.224152 106.287354 -0.088017 -0.212492 -0.088066 -0.212582 0.000102
75.007172 84.478821 -0.162635 -0.162635 -0.162994 -0.162581 0.000363
103.696472 48.243225 -0.212492 -0.088017 -0.212645 -0.088068 0.000161
117.358856 2.995972 -0.230000 -0.000000 -0.230331 -0.000051 0.000335
113.622345 -44.269592 -0.212492 0.088017 -0.212797 0.087841 0.000352
93.094269 -86.512299 -0.162635 0.162635 -0.162731 0.162530 0.000142
59.098541 -117.421341 -0.088017 0.212492 -0.088093 0.212891 0.000406
23.144409 -192.762009 0.000000 0.345000 -0.000164 0.347002 0.002009
-43.734802 -186.968033 0.132026 0.318738 0.132666 0.320823 0.002181
-103.662170 -154.382339 0.243952 0.243952 0.245892 0.245753 0.002648
-146.965118 -99.665970 0.318738 0.132026 0.321035 0.132844 0.002438
-167.374954 -31.423798 0.345000 0.000000 0.347307 -0.000166 0.002313
-161.949478 39.909973 0.318738 -0.132026 0.321052 -0.132897 0.002472
-131.148148 103.671814 0.243952 -0.243952 0.245548 -0.245421 0.002169
-79.803528 150.017914 0.132026 -0.318738 0.132685 -0.320449 0.001833
-15.804535 171.759155 0.000000 -0.345000 -0.000128 -0.346430 0.001436
51.211670 166.260345 -0.132026 -0.318738 -0.133032 -0.320721 0.002224
111.035706 133.238434 -0.243952 -0.243952 -0.245595 -0.245162 0.002040
154.528198 78.652466 -0.318738 -0.132026 -0.320897 -0.132932 0.002341
175.039185 10.301422 -0.345000 -0.000000 -0.347360 -0.000066 0.002361
169.389160 -61.197083 -0.318738 0.132026 -0.320886 0.132880 0.002311
138.447235 -124.901123 -0.243952 0.243952 -0.245475 0.245568 0.002221
87.140259 -171.252533 -0.132026 0.318738 -0.132935 0.321093 0.002524
29.317108 -251.362564 0.000000 0.460000 -0.000250 0.459519 0.000543
-21.660248 -251.405701 0.102360 0.448467 0.101962 0.447983 0.000627
-71.346863 -239.352905 0.199587 0.414446 0.199054 0.413920 0.000749
-117.284790 -215.981522 0.286805 0.359642 0.286237 0.359366 0.000632
-157.262680 -182.013046 0.359642 0.286805 0.359202 0.286203 0.000746
-188.835907 -139.517700 0.414446 0.199587 0.413461 0.198925 0.001186
-211.162140 -90.802750 0.448467 0.102360 0.447799 0.102113 0.000712
-222.626343 -37.886612 0.460000 0.000000 0.459403 -0.000038 0.000598
-222.912216 16.556396 0.448467 -0.102360 0.448219 -0.102397 0.000251
-211.291077 69.438446 0.414446 -0.199587 0.413471 -0.198996 0.001140
-189.483154 118.518951 0.359642 -0.286805 0.359114 -0.286015 0.000950
-157.735504 161.128235 0.286805 -0.359642 0.286252 -0.358538 0.001235
-117.921814 195.789978 0.199587 -0.414446 0.198983 -0.414249 0.000635
-72.078430 219.530487 0.102360 -0.448467 0.102050 -0.448100 0.000480
-22.529297 232.068665 0.000000 -0.460000 0.000173 -0.460126 0.000214
28.558624 232.040039 -0.102360 -0.448467 -0.102020 -0.448307 0.000375
78.199066 219.972931 -0.199587 -0.414446 -0.198688 -0.414324 0.000907
124.735687 195.945923 -0.286805 -0.359642 -0.286558 -0.358696 0.000978
164.592957 161.944092 -0.359642 -0.286805 -0.358938 -0.285935 0.001120
196.504089 119.573273 -0.414446 -0.199587 -0.413664 -0.199303 0.000832
218.985474 70.507629 -0.448467 -0.102360 -0.448146 -0.102238 0.000343
230.051941 17.339142 -0.460000 -0.000000 -0.458974 -0.000027 0.001026
230.287415 -37.051590 -0.448467 0.102360 -0.447924 0.102102 0.000601
219.167053 -90.190781 -0.414446 0.199587 -0.414452 0.199387 0.000200
196.563171 -139.158310 -0.359642 0.286805 -0.358895 0.286299 0.000903
164.604126 -181.421234 -0.286805 0.359642 -0.286018 0.358548 0.001348
124.676483 -215.677933 -0.199587 0.414446 -0.198849 0.413976 0.000875
78.776093 -239.353790 -0.102360 0.448467 -0.101906 0.448144 0.000557
